78,3
78,2
78,1
78,0
77,4
77,3
77,2
77,1
77,0
76,3
10,236
76,2
76,1
10,74
10,221
76,0
75,3
10,261
75,2
75,1
10,207
75,0
74,4
74,3
10,192
74,2
10,226
74,1
10,235
74,0
73,3
73,2
73,1
11,29
73,0
72,3
11,16
11,18
11,5
72,2
72,1
11,4
72,0
71,8
71,7
71,6
71,5
71,4
71,3
11,20
71,2
11,2
71,1
11,3
71,0
70,4
70,3
70,2
70,1
70,0
69,7
69,6
69,5
69,4
69,3
9,5
69,2
69,1
9,2
9,3
69,0
68,3
68,2
68,1
8,16
68,0
8,10
60,4
8,5
8,2
60,3
8,3
60,1
42,4
42,1
41,3
41,1
33,3
33,1
31,3
31,1
30,3
30,1
28,3
28,1
27,3
27,1
25,7
25,4
25,3
25,1
24,3
24,1
20,3
20,2
20,1
19,3
19,2
19,1
12,3
12,2
12,1
11,30
11,22
11,21
