3,2
3,1
3,3
10,69
10,30
10,258
10,213
10,125
10,87
10,301
10,219
11,2
11,3
9,4
9,6
9,2
9,3
207,4
207,3
8,13
8,11
207,2
207,1
207,0
206,4
206,3
206,2
206,1
206,0
205,4
205,3
205,2
205,1
205,0
204,3
204,2
204,1
204,0
180,4
180,3
180,1
165,5
165,3
165,1
161,20
161,19
161,18
161,17
161,16
161,15
161,14
161,13
161,12
161,11
161,10
161,9
161,8
161,7
161,6
161,5
161,4
161,3
161,1
153,481
153,3
153,1
151,3
151,1
101,4
101,3
101,1
100,3
100,1
98,4
98,1
19,3
97,3
97,1
20,3
20,2
20,1
19,2
19,1
12,3
12,2
12,1
11,30
11,29
11,28
11,27
11,26
11,25
11,24
11,22
11,21
11,20
11,19
11,18
11,17
11,16
11,15
11,12
11,11
11,10
11,9
11,8
11,6
11,5
11,1
18,1
11,4
18,3
14,5
14,1
14,4
10,292
14,3
13,1
10,185
10,159
